   6.0000000e+00   0.0000000e+00  -1.1970000e+01
   6.0000000e+00   1.0000000e+01  -1.0260000e+01
   6.0000000e+00   2.0000000e+01  -9.8700000e+00
   6.0000000e+00   3.0000000e+01  -8.7500000e+00
   6.0000000e+00   4.0000000e+01  -1.1120000e+01
   6.0000000e+00   5.0000000e+01  -1.0440000e+01
   7.0000000e+00   0.0000000e+00  -8.4100000e+00
   7.0000000e+00   1.0000000e+01  -9.1900000e+00
   7.0000000e+00   2.0000000e+01  -8.6200000e+00
   7.0000000e+00   3.0000000e+01  -5.0000000e+00
   7.0000000e+00   4.0000000e+01  -4.8900000e+00
   7.0000000e+00   5.0000000e+01  -4.0600000e+00
   8.0000000e+00   0.0000000e+00  -4.5500000e+00
   8.0000000e+00   1.0000000e+01  -3.6400000e+00
   8.0000000e+00   2.0000000e+01  -2.7300000e+00
   8.0000000e+00   3.0000000e+01  -1.0900000e+00
   8.0000000e+00   4.0000000e+01  -1.4300000e+00
   8.0000000e+00   5.0000000e+01  -1.0300000e+00
   9.0000000e+00   0.0000000e+00  -6.5000000e-01
   9.0000000e+00   1.0000000e+01   1.1300000e+00
   9.0000000e+00   2.0000000e+01   1.5700000e+00
   9.0000000e+00   3.0000000e+01   2.7300000e+00
   9.0000000e+00   4.0000000e+01   3.6000000e-01
   9.0000000e+00   5.0000000e+01   1.0200000e+00
   1.0000000e+01   0.0000000e+00   3.0200000e+00
   1.0000000e+01   1.0000000e+01   2.1800000e+00
   1.0000000e+01   2.0000000e+01   2.6700000e+00
   1.0000000e+01   3.0000000e+01   6.1900000e+00
   1.0000000e+01   4.0000000e+01   6.1800000e+00
   1.0000000e+01   5.0000000e+01   6.8700000e+00
   1.1000000e+01   0.0000000e+00   6.2100000e+00
   1.1000000e+01   1.0000000e+01   6.9400000e+00
   1.1000000e+01   2.0000000e+01   7.6400000e+00
   1.1000000e+01   3.0000000e+01   9.0600000e+00
   1.1000000e+01   4.0000000e+01   8.4800000e+00
   1.1000000e+01   5.0000000e+01   8.6100000e+00
   1.2000000e+01   0.0000000e+00   8.7100000e+00
   1.2000000e+01   1.0000000e+01   1.0190000e+01
   1.2000000e+01   2.0000000e+01   1.0320000e+01
   1.2000000e+01   3.0000000e+01   1.1140000e+01
   1.2000000e+01   4.0000000e+01   8.4200000e+00
   1.2000000e+01   5.0000000e+01   8.7200000e+00
   1.3000000e+01   0.0000000e+00   1.0340000e+01
   1.3000000e+01   1.0000000e+01   9.1100000e+00
   1.3000000e+01   2.0000000e+01   9.1900000e+00
   1.3000000e+01   3.0000000e+01   1.2290000e+01
   1.3000000e+01   4.0000000e+01   1.1850000e+01
   1.3000000e+01   5.0000000e+01   1.2100000e+01
   1.4000000e+01   0.0000000e+00   1.0990000e+01
   1.4000000e+01   1.0000000e+01   1.1260000e+01
   1.4000000e+01   2.0000000e+01   1.1490000e+01
   1.4000000e+01   3.0000000e+01   1.2290000e+01
   1.4000000e+01   4.0000000e+01   1.1370000e+01
   1.4000000e+01   5.0000000e+01   1.1010000e+01
   1.5000000e+01   0.0000000e+00   1.0620000e+01
   1.5000000e+01   1.0000000e+01   1.1610000e+01
   1.5000000e+01   2.0000000e+01   1.1240000e+01
   1.5000000e+01   3.0000000e+01   1.1560000e+01
   1.5000000e+01   4.0000000e+01   8.3400000e+00
   1.5000000e+01   5.0000000e+01   8.1400000e+00
   1.6000000e+01   0.0000000e+00   9.2600000e+00
   1.6000000e+01   1.0000000e+01   7.5300000e+00
   1.6000000e+01   2.0000000e+01   7.1200000e+00
   1.6000000e+01   3.0000000e+01   9.7300000e+00
   1.6000000e+01   4.0000000e+01   8.8000000e+00
   1.6000000e+01   5.0000000e+01   8.5700000e+00
   1.7000000e+01   0.0000000e+00   6.9900000e+00
   1.7000000e+01   1.0000000e+01   6.7900000e+00
   1.7000000e+01   2.0000000e+01   6.5700000e+00
   1.7000000e+01   3.0000000e+01   7.0600000e+00
   1.7000000e+01   4.0000000e+01   5.5600000e+00
   1.7000000e+01   5.0000000e+01   4.7800000e+00
   1.8000000e+01   0.0000000e+00   3.9700000e+00
   1.8000000e+01   1.0000000e+01   4.5600000e+00
   1.8000000e+01   2.0000000e+01   3.8000000e+00
   1.8000000e+01   3.0000000e+01   3.7500000e+00
   1.8000000e+01   4.0000000e+01   1.7000000e-01
   1.8000000e+01   5.0000000e+01  -3.8000000e-01
   1.9000000e+01   0.0000000e+00   4.1000000e-01
   1.9000000e+01   1.0000000e+01  -1.6300000e+00
   1.9000000e+01   2.0000000e+01  -2.3300000e+00
   1.9000000e+01   3.0000000e+01   0.0000000e+00
   1.9000000e+01   4.0000000e+01  -1.1800000e+00
   1.9000000e+01   5.0000000e+01  -1.6500000e+00
   2.0000000e+01   0.0000000e+00  -3.4500000e+00
   2.0000000e+01   1.0000000e+01  -3.8400000e+00
   2.0000000e+01   2.0000000e+01  -4.2400000e+00
   2.0000000e+01   3.0000000e+01  -3.9100000e+00
   2.0000000e+01   4.0000000e+01  -5.5500000e+00
   2.0000000e+01   5.0000000e+01  -6.4400000e+00
   2.1000000e+01   0.0000000e+00  -7.3500000e+00
   2.1000000e+01   1.0000000e+01  -6.8300000e+00
   2.1000000e+01   2.0000000e+01  -7.6400000e+00
   2.1000000e+01   3.0000000e+01  -7.7300000e+00
   2.1000000e+01   4.0000000e+01  -1.1310000e+01
   2.1000000e+01   5.0000000e+01  -1.1840000e+01
   2.2000000e+01   0.0000000e+00  -1.1020000e+01
